# atari800 PAL palette: colorbyte R G B (extracted via colour-chart ROM, -pal)
00 4 4 4
02 27 27 27
04 51 51 51
06 79 79 79
08 104 104 104
0A 137 137 137
0C 171 171 171
0E 211 211 211
0F 211 211 211
10 44 1 0
14 91 44 0
18 144 97 36
1C 211 164 104
22 79 7 0
32 80 4 10
34 104 27 35
36 132 55 63
3A 189 113 121
6A 157 110 221
70 0 1 90
72 6 20 112
74 30 45 136
76 59 73 164
7C 151 165 255
84 13 58 115
86 41 86 143
88 66 111 167
8A 100 144 200
8F 174 217 255
90 0 22 36
92 0 45 59
94 3 70 83
96 30 98 111
98 55 122 136
9A 89 155 169
9C 123 190 203
A0 0 34 0
A2 0 57 10
A4 1 81 35
AA 84 167 121
AF 159 240 195
B0 0 38 0
B2 0 60 0
B4 10 85 0
B6 39 113 11
B8 64 137 36
C0 0 33 0
C2 5 56 0
C4 29 80 0
C6 57 108 0
D0 4 23 0
E0 26 10 0
E2 49 33 0
