# atari800 NTSC palette: colorbyte R G B (extracted via color-chart)
00 4 4 4
02 27 27 27
04 51 51 51
06 79 79 79
08 104 104 104
0A 137 137 137
0C 171 171 171
0E 211 211 211
0F 211 211 211
10 4 22 0
14 51 70 0
18 104 123 8
1C 171 190 76
22 51 31 0
32 70 15 0
34 94 40 0
36 122 68 22
3A 180 126 81
6A 175 105 203
70 22 0 95
72 45 2 117
74 69 24 141
76 97 53 169
7C 189 145 255
84 44 36 146
86 72 64 173
88 97 89 198
8A 130 122 231
8F 204 196 255
90 0 4 83
92 1 27 106
94 20 51 130
96 49 79 158
98 74 104 182
9A 107 137 215
9C 141 172 249
A0 0 19 50
A2 0 42 73
A4 4 66 97
AA 90 152 183
AF 164 226 255
B0 0 31 7
B2 0 54 30
B4 1 78 54
B6 25 106 83
B8 50 131 107
C0 0 37 0
C2 0 60 0
C4 3 84 10
C6 30 112 39
D0 0 36 0
E0 0 28 0
E2 16 51 0
